 
 2, 3, 4, 8, 7, 6, 5, 6, 2, 6, 7, 3, 3, 7, 8, 1, 4, 8, 1, 2, 4, 5, 8, 6, 1, 5, 2, 2, 6, 3, 4, 3, 8, 5, 1, 8]
 
  1.000000 -1.000000 1.000000
 -1.000000 -1.000000 1.000000
 -1.000000 -1.000000 -1.000000
-----------
 v -1.000000 1.000000 -1.000000
 v -1.000000 1.000000 1.000000
  0.999999 1.000000 1.000001
-----------
  v 1.000000 1.000000 -0.999999
   0.999999 1.000000 1.000001
    1.000000 -1.000000 1.000000
----------
    v 0.999999 1.000000 1.000001
    v -1.000000 1.000000 1.000000
    v -1.000000 -1.000000 1.000000
------
    v -1.000000 -1.000000 1.000000
    v -1.000000 1.000000 1.000000
    v -1.000000 1.000000 -1.000000
-----
    v 1.000000 -1.000000 -1.000000
    v -1.000000 -1.000000 -1.000000
    v -1.000000 1.000000 -1.000000
-----
    v 1.000000 -1.000000 -1.000000
v 1.000000 -1.000000 1.000000
v -1.000000 -1.000000 -1.000000
-----
v 1.000000 1.000000 -0.999999
v -1.000000 1.000000 -1.000000
v 0.999999 1.000000 1.000001
------
v 1.000000 -1.000000 -1.000000
v 1.000000 1.000000 -0.999999
v 1.000000 -1.000000 1.000000
------
v 1.000000 -1.000000 1.000000
v 0.999999 1.000000 1.000001
v -1.000000 -1.000000 1.000000
-----
v -1.000000 -1.000000 -1.000000
v -1.000000 -1.000000 1.000000
v -1.000000 1.000000 -1.000000
----
v 1.000000 1.000000 -0.999999
v 1.000000 -1.000000 -1.000000
v -1.000000 1.000000 -1.000000


